0 1
1 3
2 6
3 12
4 18
5 30
6 42
7 60
8 78
9 108
10 144
11 204
12 264
13 342
14 456
15 618
16 798
17 1044
18 1392
19 1830
20 2388
21 3180
22 4146
23 5418
24 7032
25 9198
26 11892
27 15486
28 20220
29 26424
30 34422
31 44862
32 58446
33 76122
34 99276
35 129516
36 168546
37 219516
38 285750
39 372204
40 484446
41 630666
42 821154
43 1069512
44 1392270
45 1812876
46 2359710
47 3072486
48 4000002
49 5207706
50 6778926
51 8824956
52 11488392
53 14956584
54 19470384
55 25346550
56 32996442
57 42957300
58 55921896
59 72798942
60 94766136
61 123368406
62 160596120
63 209059806
64 272143380
65 354271314
66 461181036
67 600356406
68 781520994
69 1017362166
70 1324371090
71 1724034504
72 2244278358
73 2921521164
74 3803130042
75 4950798954
76 6444761514
77 8389549680
78 10921197582
79 14216853012
80 18506985300
81 24091726728
82 31361678988
83 40825520274
84 53145145482
85 69182396616
86 90058945560
87 117235364616
88 152612592438
89 198665414208
90 258615015792
91 336655224582
92 438245025942
93 570491023872
94 742643501460
95 966745068408
96 1258471821174
97 1638231187596
98 2132586986466
99 2776120525176
100 3613847436684
101 4704369434772
102 6123969129810
103 7971950000520
104 10377579748374
105 13509138183162
106 17585681474148
107 22892370891330
108 29800413809730
109 38793041799498
110 50499301907904
111 65738067298920
112 85575306401886
113 111398667487824
114 145014533047950
115 188774390188008
116 245739297342390
117 319894038598554
118 416425845608070
119 542087279517756
120 705668533667544
121 918612366262224
